Y
8362342194.06912
8362689291.45111
8363460473.46581
8365039732.62903
8368210323.04696
8374532183.16108
8387065962.83553
8411686393.79943
8459203521.97038
8547875691.77111
8703408043.72919
8948672166.56745
9277097131.15707
9632112151.35425
9936990049.82781
10151251222.584
10281580268.2807
10354041848.6017
10392335820.2964
10412032608.71
10422022999.6548
10427054282.3139
10429579020.2173
10430843672.7407
10431476571.0791
10431793163.4157
10431951495.3944
10432030670.3387
10432070260.0498
10432090055.4652
10432099953.3128
10432104902.2716
10432107376.7598
10432108614.0061
10432109232.6297
10432109541.9417
10432109696.5977
10432109773.9258
10432109812.5898
10432109831.9218
0
0
0
0
0
0
0
0
0
0
0
0
0
0
0
0
0
0
0
0
0
0
0
0
0
0
0
0
0
0
0
0
0
0
0
0
0
0
0
0
0
0
0
0
0
0
0
0
0
0
0
0
0
0
0
0
0
0
0
0
