Y
108534923.164885
100255590.00207
94255822.6329349
87868310.7020556
80701789.3475427
74449224.5264164
71029831.2228994
71467013.7982237
76492960.5859691
87974105.5998787
110097202.351462
148134518.633595
201771473.801813
260050177.613542
309200077.447305
343115074.064166
363510168.836376
374781990.397332
380721221.220667
383771667.216588
385317770.902878
386096130.302291
386486648.026175
386682242.79959
386780124.3407
386829086.171976
386853572.355563
386865816.76469
386871939.29863
386875000.647949
386876531.343197
386877296.695969
386877679.373641
386877870.712799
386877966.382458
386878014.217308
386878038.134738
386878050.093454
386878056.072813
386878059.062492
386878060.557332
0
0
0
0
0
0
0
0
0
0
0
0
0
0
0
0
0
0
0
0
0
0
0
0
0
0
0
0
0
0
0
0
0
0
0
0
0
0
0
0
0
0
0
0
0
0
0
0
0
0
0
0
0
0
0
0
0
0
0
