Y2
1495.47791378404
1495.22176886679
1494.68683185909
1493.60666738991
1491.44531458457
1487.13849311559
1478.59766951007
1461.80640939967
1429.34264776172
1368.55797168792
1261.28576377384
1090.3606752534
857.861533337581
601.396077721335
376.364402688273
215.26711952193
115.980116685401
60.3292193636985
30.7855136761327
15.5528256840983
7.81705755931149
3.91876983596897
1.96195525838075
0.98162147961644
0.490971860944096
0.245526230594961
0.122773192809502
0.0613891160930069
0.0306951880073544
0.0153477514987386
0.00767391512374079
0.00383696740553903
0.00191848616369614
0.000959243697080913
0.000479622002348815
0.000239811039626515
0.000119905529426287
5.99527671164011e-05
2.9976384159015e-05
1.49881922297111e-05
0
0
0
0
0
0
0
0
0
0
0
0
0
0
0
0
0
0
0
0
0
0
0
0
0
0
0
0
0
0
0
0
0
0
0
0
0
0
0
0
0
0
0
0
0
0
0
0
0
0
0
0
0
0
0
0
0
0
0
0
