Y2
9095.26566621642
8270.84950967878
7458.34202100877
6787.89461741639
6283.79770740936
5884.63394129407
5503.6624704577
5070.662355244
4554.30946640711
3948.97181241426
3245.27036911167
2457.04393498368
1675.64756563622
1029.60142384917
582.437879631535
311.898931073801
161.724553224972
82.3929135431914
41.5908038578126
20.8955064578639
10.4729728015229
5.242815712209
2.62299325132899
1.31189335883898
0.656045910818595
0.32804776927598
0.164030088857006
0.082016595577315
0.0410086855876186
0.0205044397450194
0.010252244110496
0.00512612811476751
0.00256306557226651
0.0012815331648543
0.000640766677107458
0.000320383362223811
0.000160191687029427
8.00958449940938e-05
4.0047922866892e-05
2.00239615259073e-05
1.0011980786069e-05
0
0
0
0
0
0
0
0
0
0
0
0
0
0
0
0
0
0
0
0
0
0
0
0
0
0
0
0
0
0
0
0
0
0
0
0
0
0
0
0
0
0
0
0
0
0
0
0
0
0
0
0
0
0
0
0
0
0
0
