Y4
468.9619140625
311.998229980469
414.516448974609
87.2029571533203
520.996704101563
240.498062133789
523.486938476563
241.743804931641
515.73291015625
252.8291015625
514.282104492188
254.489105224609
423.049407958984
98.5061950683594
510.549224853516
271.083618164063
192.334747314453
160.055419921875
513.666015625
157.935668945313
484.700775146484
342.966247558594
402.008514404297
109.043243408203
525.418334960938
277.047058105469
528.023254394531
277.974945068359
520.249267578125
289.71826171875
518.762268066406
291.049682617188
413.093383789063
124.334983825684
517.578186035156
306.672668457031
187.741943359375
208.63444519043
514.036071777344
196.776260375977
