Y3
336.022554324776
321.077835742536
336.022554324776
321.077835742536
319.353329414537
101.514084659136
319.353329414537
101.514084659136
366.019562637995
259.902082428267
366.019562637995
259.902082428267
367.23661530706
260.749076917862
367.23661530706
260.749076917862
361.862250621084
271.731694898262
361.862250621084
271.731694898262
360.926503964468
272.955868848771
360.926503964468
272.955868848771
323.788772294478
116.09803867612
323.788772294478
116.09803867612
358.30321474171
287.403533059332
358.30321474171
287.403533059332
198.861702582261
210.912108069905
198.861702582261
210.912108069905
368.683092891498
184.913702398294
368.683092891498
184.913702398294
